# Created by Octave 4.4.1, Sat Oct 20 17:19:33 2018 CST <diego@diegoss>
# name: largoVentana
# type: scalar
2205


# name: retardo0
# type: scalar
552


# name: retardo1
# type: scalar
12


# name: mFilas
# type: scalar
23


# name: mCols
# type: scalar
7


