# Created by Octave 4.4.1, Sun Oct 21 01:20:26 2018 CST <diego@diegoss>
# name: largoVentana
# type: scalar
22050


# name: retardo0
# type: scalar
23


# name: retardo1
# type: scalar
45


# name: mFilas
# type: scalar
18


# name: mCols
# type: scalar
7


