# Created by Octave 4.4.1, Sat Oct 20 19:05:14 2018 CST <diego@diegoss>
# name: largoVentana
# type: scalar
22050


# name: retardo0
# type: scalar
111


# name: retardo1
# type: scalar
221


# name: mFilas
# type: scalar
13


# name: mCols
# type: scalar
6


